Event: 193
Timer: 1E6

33128224    1
33834217    3   

4297604     1   
36028671    34  
36779580    36  

11579921    1   
36049556    27  
36837212    29  

12252725    1   
34140175    24  
34987708    26  

30210921    1   
36164074    8   
36943126    10  

35999087    1   
36817330    3   

36424518    1   
37214110    3   

29804961    1   
35723198    89  
36540272    10  


Event: 193
Timer: 1E5

27391019    1
35064150    79
35806039    81

32418971    1
33216455    3

35255123    1
36042726    3

35325174    1
36131795    3

34574590    1
35280631    3

34511760    1
35276534    3

3560137     1
36665731    333
37496637    335

3651976     1
33754826    303
34607189    305

25573599    1
35762351    104
37438529    106

